50300084813256,/1,INR,23.03.15,300000.00,8.75,25.03.15,TD. Generic Payin,0.00,0.00,0.00,0.00,0.00,0.00,0.00,0.00
50300084813256,/1,INR,23.03.15,300000.00,8.75,31.03.15,TDS interest accrual at EOY,0.00,0.00,0.00,0.00,0.00,0.00,647.00,0.00
50300084813256,/1,INR,23.03.15,300000.00,8.75,23.06.15,Interest Compounding,0.00,0.00,0.00,6616.00,6616.00,0.00,0.00,0.00
50300084813256,/1,INR,23.03.15,300000.00,8.75,28.08.15,NR Recovery Of Other Deposits,0.00,0.00,0.00,0.00,6616.00,596.90,0.00,0.00
50300084813256,/1,INR,23.03.15,300000.00,8.75,23.09.15,Interest Compounding,0.00,0.00,0.00,6759.00,13375.00,0.00,0.00,0.00
50300084813256,/1,INR,23.03.15,300000.00,8.75,23.09.15,-,0.00,0.00,0.00,0.00,13375.00,675.90,0.00,0.00
50300084813256,/1,INR,23.03.15,300000.00,8.75,23.12.15,Interest Compounding,0.00,0.00,0.00,6809.00,20184.00,0.00,0.00,0.00
50300084813256,/1,INR,23.03.15,300000.00,8.75,23.12.15,-,0.00,0.00,0.00,0.00,20184.00,680.90,0.00,0.00
50300084813256,/1,INR,23.03.15,300000.00,8.75,23.03.16,Interest Compounding,0.00,0.00,0.00,6925.00,27109.00,0.00,0.00,0.00
50300084813256,/1,INR,23.03.15,300000.00,8.75,23.03.16,-,0.00,0.00,0.00,0.00,27109.00,692.50,0.00,0.00
50300084813256,/1,INR,23.03.15,300000.00,8.75,23.03.16,Interest Capitalization,0.00,0.00,24462.80,0.00,27109.00,0.00,0.00,0.00
50300084813256,/1,INR,23.03.15,0.00,8.75,23.03.16,Principal At Maturity,300000.00,0.00,0.00,0.00,27109.00,0.00,0.00,0.00
50300084813256,/2,INR,23.03.16,324462.80,7.90,23.03.16,Mixed Payin 50300084813256,0.00,0.00,0.00,0.00,27109.00,0.00,0.00,0.00
50300084813256,/2,INR,23.03.16,324462.80,7.90,31.03.16,TDS interest accrual at EOY,0.00,0.00,0.00,0.00,27109.00,0.00,630.00,63.00
50300084813256,/2,INR,23.03.16,324462.80,7.90,23.06.16,Interest Compounding,0.00,0.00,0.00,6443.00,33552.00,0.00,0.00,0.00
50300084813256,/2,INR,23.03.16,324462.80,7.90,23.06.16,-,0.00,0.00,0.00,0.00,33552.00,644.30,0.00,0.00
50300084813256,/2,INR,23.03.16,324462.80,7.90,23.09.16,Interest Compounding,0.00,0.00,0.00,6558.00,40110.00,0.00,0.00,0.00
50300084813256,/2,INR,23.03.16,324462.80,7.90,23.09.16,-,0.00,0.00,0.00,0.00,40110.00,655.80,0.00,0.00
50300084813256,/2,INR,23.03.16,324462.80,7.90,23.12.16,Interest Compounding,0.00,0.00,0.00,6603.00,46713.00,0.00,0.00,0.00
50300084813256,/2,INR,23.03.16,324462.80,7.90,23.12.16,-,0.00,0.00,0.00,0.00,46713.00,660.30,0.00,0.00
50300084813256,/2,INR,23.03.16,324462.80,7.90,23.03.17,Interest Compounding,0.00,0.00,0.00,6662.00,53375.00,0.00,0.00,0.00
50300084813256,/2,INR,23.03.16,324462.80,7.90,23.03.17,-,0.00,0.00,0.00,0.00,53375.00,666.20,0.00,0.00
50300084813256,/2,INR,23.03.16,324462.80,7.90,23.03.17,Interest Capitalization,0.00,0.00,23639.40,0.00,53375.00,0.00,0.00,0.00
50300084813256,/2,INR,23.03.16,0.00,7.90,23.03.17,Principal At Maturity,324462.80,0.00,0.00,0.00,53375.00,0.00,0.00,0.00
50300084813256,/3,INR,23.03.17,348102.20,6.90,23.03.17,Mixed Payin 50300084813256,0.00,0.00,0.00,0.00,53375.00,0.00,0.00,0.00
50300084813256,/3,INR,23.03.17,348102.20,6.90,31.03.17,TDS interest accrual at EOY,0.00,0.00,0.00,0.00,53375.00,0.00,592.00,59.20
50300084813256,/3,INR,23.03.17,348102.20,6.90,23.06.17,Interest Compounding,0.00,0.00,0.00,6054.00,59429.00,0.00,0.00,0.00
50300084813256,/3,INR,23.03.17,348102.20,6.90,23.06.17,-,0.00,0.00,0.00,0.00,59429.00,605.40,0.00,0.00
50300084813256,/3,INR,23.03.17,348102.20,6.90,23.09.17,Interest Compounding,0.00,0.00,0.00,6149.00,65578.00,0.00,0.00,0.00
50300084813256,/3,INR,23.03.17,348102.20,6.90,23.09.17,-,0.00,0.00,0.00,0.00,65578.00,614.90,0.00,0.00
50300084813256,/3,INR,23.03.17,348102.20,6.90,23.12.17,Interest Compounding,0.00,0.00,0.00,6177.00,71755.00,0.00,0.00,0.00
50300084813256,/3,INR,23.03.17,348102.20,6.90,23.12.17,-,0.00,0.00,0.00,0.00,71755.00,617.70,0.00,0.00
50300084813256,/3,INR,23.03.17,348102.20,6.90,23.03.18,Interest Compounding,0.00,0.00,0.00,6204.00,77959.00,0.00,0.00,0.00
50300084813256,/3,INR,23.03.17,348102.20,6.90,23.03.18,-,0.00,0.00,0.00,0.00,77959.00,620.40,0.00,0.00
50300084813256,/3,INR,23.03.17,348102.20,6.90,23.03.18,Interest Capitalization,0.00,0.00,22125.80,0.00,77959.00,0.00,0.00,0.00
50300084813256,/3,INR,23.03.17,0.00,6.90,23.03.18,Principal At Maturity,348102.20,0.00,0.00,0.00,77959.00,0.00,0.00,0.00
50300084813256,/4,INR,23.03.18,370228.00,6.75,23.03.18,Mixed Payin 50300084813256,0.00,0.00,0.00,0.00,77959.00,0.00,0.00,0.00
50300084813256,/4,INR,23.03.18,370228.00,6.75,31.03.18,TDS interest accrual at EOY,0.00,0.00,0.00,0.00,77959.00,0.00,616.00,61.60
50300084813256,/4,INR,23.03.18,370228.00,6.75,23.06.18,Interest Compounding,0.00,0.00,0.00,6299.00,84258.00,0.00,0.00,0.00
50300084813256,/4,INR,23.03.18,370228.00,6.75,23.06.18,-,0.00,0.00,0.00,0.00,84258.00,629.90,0.00,0.00
50300084813256,/4,INR,23.03.18,0.00,6.75,25.06.18,Redmption Amt - Premature Redemption,370228.00,4.75,0.00,-1768.60,82489.40,0.00,0.00,0.00
